750
1 
996 999 
993 995 
990 991 
985 988 
982 984 
980 981 
977 979 
973 974 
967 968 
961 965 
958 960 
956 957 
952 953 
947 949 
945 946 
941 943 
937 940 
932 934 
929 930 
927 928 
919 920 
916 918 
912 915 
910 911 
904 909 
902 903 
898 901 
894 897 
891 892 
884 885 
882 883 
879 881 
873 876 
871 872 
866 868 
861 862 
857 858 
853 856 
846 847 
840 841 
837 838 
834 835 
832 833 
825 828 
818 824 
816 817 
813 814 
808 810 
805 806 
800 801 
797 798 
795 796 
793 794 
788 789 
782 783 
774 781 
770 773 
765 769 
762 763 
759 760 
753 758 
751 752 
749 750 
740 744 
735 737 
726 731 
720 721 
716 717 
714 715 
710 711 
705 709 
701 703 
699 700 
697 698 
695 696 
686 689 
684 685 
681 683 
675 676 
673 674 
668 670 
665 666 
662 664 
660 661 
657 659 
651 653 
637 643 
635 636 
633 634 
631 632 
628 630 
624 625 
620 622 
618 619 
615 617 
609 612 
607 608 
601 603 
599 600 
595 598 
589 590 
586 587 
583 585 
581 582 
579 580 
577 578 
572 573 
568 571 
564 566 
562 563 
553 558 
548 552 
545 547 
543 544 
537 542 
534 535 
528 529 
525 527 
523 524 
521 522 
517 518 
512 513 
510 511 
501 503 
496 498 
494 495 
490 492 
484 487 
481 482 
476 478 
474 475 
470 471 
466 469 
464 465 
459 461 
455 458 
452 454 
447 449 
444 445 
438 443 
434 437 
428 432 
426 427 
422 424 
418 419 
415 417 
413 414 
409 410 
407 408 
403 405 
401 402 
398 399 
394 395 
390 392 
386 388 
384 385 
382 383 
375 376 
372 373 
368 371 
365 366 
359 363 
353 355 
345 350 
343 344 
339 341 
337 338 
335 336 
330 331 
324 327 
321 322 
310 318 
306 307 
297 304 
291 295 
289 290 
285 288 
273 280 
270 271 
266 269 
263 264 
259 262 
256 257 
252 253 
249 250 
246 248 
243 244 
238 242 
236 237 
231 234 
226 227 
223 224 
218 221 
214 215 
206 207 
200 204 
198 199 
191 195 
188 190 
183 185 
180 182 
173 175 
171 172 
168 169 
163 165 
161 162 
158 160 
156 157 
153 155 
151 152 
147 150 
144 146 
138 143 
134 137 
131 133 
129 130 
126 128 
123 124 
118 119 
116 117 
114 115 
105 108 
102 104 
99 101 
96 97 
94 95 
91 93 
86 88 
84 85 
80 82 
76 79 
71 72 
68 69 
66 67 
64 65 
59 61 
57 58 
54 55 
52 53 
49 51 
46 47 
40 44 
36 37 
31 32 
27 30 
20 26 
15 18 
10 12 
6 8 
0 2 
998 
997 
994 
992 
989 
987 
986 
983 
978 
976 
975 
972 
971 
970 
969 
966 
964 
963 
962 
959 
955 
954 
951 
950 
948 
944 
942 
939 
938 
936 
935 
933 
931 
926 
925 
924 
923 
922 
921 
917 
914 
913 
908 
907 
906 
905 
900 
899 
896 
895 
893 
890 
889 
888 
887 
886 
880 
878 
877 
875 
874 
870 
869 
867 
865 
864 
863 
860 
859 
855 
854 
852 
851 
850 
849 
848 
845 
844 
843 
842 
839 
836 
831 
830 
829 
827 
826 
823 
822 
821 
820 
819 
815 
812 
811 
809 
807 
804 
803 
802 
799 
792 
791 
790 
787 
786 
785 
784 
780 
779 
778 
777 
776 
775 
772 
771 
768 
767 
766 
764 
761 
757 
756 
755 
754 
748 
747 
746 
745 
743 
742 
741 
739 
738 
736 
734 
733 
732 
730 
729 
728 
727 
725 
724 
723 
722 
719 
718 
713 
712 
708 
707 
706 
704 
702 
694 
693 
692 
691 
690 
688 
687 
682 
680 
679 
678 
677 
672 
671 
669 
667 
663 
658 
656 
655 
654 
652 
650 
649 
648 
647 
646 
645 
644 
642 
641 
640 
639 
638 
629 
627 
626 
623 
621 
616 
614 
613 
611 
610 
606 
605 
604 
602 
597 
596 
594 
593 
592 
591 
588 
584 
576 
575 
574 
570 
569 
567 
565 
561 
560 
559 
557 
556 
555 
554 
551 
550 
549 
546 
541 
540 
539 
538 
536 
533 
532 
531 
530 
526 
520 
519 
516 
515 
514 
509 
508 
507 
506 
505 
504 
502 
500 
499 
497 
493 
491 
489 
488 
486 
485 
483 
480 
479 
477 
473 
472 
468 
467 
463 
462 
460 
457 
456 
453 
451 
450 
448 
446 
442 
441 
440 
439 
436 
435 
433 
431 
430 
429 
425 
423 
421 
420 
416 
412 
411 
406 
404 
400 
397 
396 
393 
391 
389 
387 
381 
380 
379 
378 
377 
374 
370 
369 
367 
364 
362 
361 
360 
358 
357 
356 
354 
352 
351 
349 
348 
347 
346 
342 
340 
334 
333 
332 
329 
328 
326 
325 
323 
320 
319 
317 
316 
315 
314 
313 
312 
311 
309 
308 
305 
303 
302 
301 
300 
299 
298 
296 
294 
293 
292 
287 
286 
284 
283 
282 
281 
279 
278 
277 
276 
275 
274 
272 
268 
267 
265 
261 
260 
258 
255 
254 
251 
247 
245 
241 
240 
239 
235 
233 
232 
230 
229 
228 
225 
222 
220 
219 
217 
216 
213 
212 
211 
210 
209 
208 
205 
203 
202 
201 
197 
196 
194 
193 
192 
189 
187 
186 
184 
181 
179 
178 
177 
176 
174 
170 
167 
166 
164 
159 
154 
149 
148 
145 
142 
141 
140 
139 
136 
135 
132 
127 
125 
122 
121 
120 
113 
112 
111 
110 
109 
107 
106 
103 
100 
98 
92 
90 
89 
87 
83 
81 
78 
77 
75 
74 
73 
70 
63 
62 
60 
56 
50 
48 
45 
43 
42 
41 
39 
38 
35 
34 
33 
29 
28 
25 
24 
23 
22 
21 
19 
17 
16 
14 
13 
11 
9 
7 
5 
4 
3 
